Accuracy: [0.2677595628415301, 0.2677595628415301, 0.22762978142076504, 0.4144467213114754, 0.2677595628415301, 0.4144467213114754, 0.2677595628415301, 0.42435109289617484, 0.38473360655737704, 0.45901639344262296, 0.45440573770491804, 0.46635928961748635, 0.47438524590163933, 0.4656762295081967, 0.4685792349726776]
Losses: [88308.028038859367, 103635.35014307499, 80879.378207325935, 94044.887011766434, 78421.517310142517, 76827.304681897163, 70637.75851213932, 69278.973695278168, 66202.163477778435, 65930.922744750977, 66364.374840021133, 64837.18029987812, 66227.24482023716, 62862.838831424713, 61441.123538017273]
